[INFO] initializing marker detector...
[INFO] accessing video stream...
[INFO] starting video stream...
TEST START
[array([[[770., 507.],
        [769., 443.],
        [835., 442.],
        [838., 507.]]], dtype=float32), array([[[388., 507.],
        [323., 508.],
        [322., 442.],
        [385., 440.]]], dtype=float32), array([[[770., 169.],
        [835., 169.],
        [835., 233.],
        [769., 235.]]], dtype=float32), array([[[384., 168.],
        [385., 233.],
        [320., 233.],
        [317., 167.]]], dtype=float32)]
TEST DONE
4
(770, 507)
(769, 443)
(835, 442)
(838, 507)


(388, 507)
(323, 508)
(322, 442)
(385, 440)


(770, 169)
(835, 169)
(835, 233)
(769, 235)


(384, 168)
(385, 233)
(320, 233)
(317, 167)


TEST START
[array([[[773., 509.],
        [771., 443.],
        [838., 445.],
        [841., 508.]]], dtype=float32), array([[[390., 508.],
        [324., 510.],
        [323., 444.],
        [388., 441.]]], dtype=float32), array([[[772., 171.],
        [837., 170.],
        [836., 235.],
        [770., 236.]]], dtype=float32), array([[[386., 170.],
        [387., 235.],
        [321., 235.],
        [318., 170.]]], dtype=float32)]
TEST DONE
4
(773, 509)
(771, 443)
(838, 445)
(841, 508)


(390, 508)
(324, 510)
(323, 444)
(388, 441)


(772, 171)
(837, 170)
(836, 235)
(770, 236)


(386, 170)
(387, 235)
(321, 235)
(318, 170)


TEST START
[array([[[773., 510.],
        [772., 444.],
        [838., 445.],
        [841., 508.]]], dtype=float32), array([[[391., 510.],
        [325., 512.],
        [324., 446.],
        [388., 444.]]], dtype=float32), array([[[771., 172.],
        [837., 172.],
        [836., 236.],
        [770., 237.]]], dtype=float32), array([[[386., 172.],
        [387., 236.],
        [321., 237.],
        [318., 172.]]], dtype=float32)]
TEST DONE
4
(773, 510)
(772, 444)
(838, 445)
(841, 508)


(391, 510)
(325, 512)
(324, 446)
(388, 444)


(771, 172)
(837, 172)
(836, 236)
(770, 237)


(386, 172)
(387, 236)
(321, 237)
(318, 172)


TEST START
[array([[[393., 508.],
        [328., 510.],
        [328., 444.],
        [391., 442.]]], dtype=float32), array([[[775., 511.],
        [773., 447.],
        [839., 447.],
        [843., 510.]]], dtype=float32), array([[[775., 175.],
        [841., 175.],
        [838., 240.],
        [773., 240.]]], dtype=float32), array([[[393., 172.],
        [393., 235.],
        [327., 235.],
        [325., 170.]]], dtype=float32)]
TEST DONE
4
(393, 508)
(328, 510)
(328, 444)
(391, 442)


(775, 511)
(773, 447)
(839, 447)
(843, 510)


(775, 175)
(841, 175)
(838, 240)
(773, 240)


(393, 172)
(393, 235)
(327, 235)
(325, 170)


TEST START
[array([[[778., 511.],
        [778., 445.],
        [843., 447.],
        [846., 510.]]], dtype=float32), array([[[397., 510.],
        [331., 511.],
        [331., 446.],
        [396., 444.]]], dtype=float32), array([[[777., 175.],
        [843., 175.],
        [840., 240.],
        [775., 240.]]], dtype=float32), array([[[394., 173.],
        [395., 237.],
        [330., 237.],
        [327., 172.]]], dtype=float32)]
TEST DONE
4
(778, 511)
(778, 445)
(843, 447)
(846, 510)


(397, 510)
(331, 511)
(331, 446)
(396, 444)


(777, 175)
(843, 175)
(840, 240)
(775, 240)


(394, 173)
(395, 237)
(330, 237)
(327, 172)


TEST START
[array([[[781., 513.],
        [780., 447.],
        [844., 448.],
        [849., 511.]]], dtype=float32), array([[[399., 511.],
        [334., 513.],
        [333., 447.],
        [397., 445.]]], dtype=float32), array([[[781., 176.],
        [846., 176.],
        [844., 241.],
        [778., 240.]]], dtype=float32), array([[[397., 175.],
        [397., 238.],
        [331., 238.],
        [329., 174.]]], dtype=float32)]
TEST DONE
4
(781, 513)
(780, 447)
(844, 448)
(849, 511)


(399, 511)
(334, 513)
(333, 447)
(397, 445)


(781, 176)
(846, 176)
(844, 241)
(778, 240)


(397, 175)
(397, 238)
(331, 238)
(329, 174)


TEST START
[array([[[784., 514.],
        [781., 449.],
        [848., 450.],
        [852., 513.]]], dtype=float32), array([[[401., 513.],
        [336., 516.],
        [336., 449.],
        [398., 447.]]], dtype=float32), array([[[781., 177.],
        [848., 177.],
        [846., 241.],
        [780., 241.]]], dtype=float32), array([[[398., 176.],
        [399., 240.],
        [333., 240.],
        [331., 175.]]], dtype=float32)]
TEST DONE
4
(784, 514)
(781, 449)
(848, 450)
(852, 513)


(401, 513)
(336, 516)
(336, 449)
(398, 447)


(781, 177)
(848, 177)
(846, 241)
(780, 241)


(398, 176)
(399, 240)
(333, 240)
(331, 175)


TEST START
[array([[[788., 517.],
        [786., 450.],
        [850., 452.],
        [855., 516.]]], dtype=float32), array([[[404., 515.],
        [338., 518.],
        [337., 452.],
        [402., 450.]]], dtype=float32), array([[[786., 178.],
        [852., 178.],
        [851., 243.],
        [784., 243.]]], dtype=float32), array([[[401., 177.],
        [401., 241.],
        [335., 241.],
        [333., 176.]]], dtype=float32)]
TEST DONE
4
(788, 517)
(786, 450)
(850, 452)
(855, 516)


(404, 515)
(338, 518)
(337, 452)
(402, 450)


(786, 178)
(852, 178)
(851, 243)
(784, 243)


(401, 177)
(401, 241)
(335, 241)
(333, 176)


TEST START
[array([[[789., 518.],
        [787., 452.],
        [852., 453.],
        [857., 516.]]], dtype=float32), array([[[405., 517.],
        [339., 519.],
        [339., 452.],
        [402., 451.]]], dtype=float32), array([[[787., 180.],
        [853., 180.],
        [851., 244.],
        [786., 244.]]], dtype=float32), array([[[402., 178.],
        [402., 243.],
        [336., 243.],
        [334., 178.]]], dtype=float32)]
TEST DONE
4
(789, 518)
(787, 452)
(852, 453)
(857, 516)


(405, 517)
(339, 519)
(339, 452)
(402, 451)


(787, 180)
(853, 180)
(851, 244)
(786, 244)


(402, 178)
(402, 243)
(336, 243)
(334, 178)


TEST START
[array([[[789., 181.],
        [855., 181.],
        [852., 246.],
        [787., 245.]]], dtype=float32), array([[[790., 519.],
        [789., 453.],
        [854., 455.],
        [858., 519.]]], dtype=float32), array([[[407., 518.],
        [341., 521.],
        [339., 455.],
        [404., 453.]]], dtype=float32), array([[[404., 180.],
        [404., 244.],
        [337., 244.],
        [336., 178.]]], dtype=float32)]
TEST DONE
4
(789, 181)
(855, 181)
(852, 246)
(787, 245)


(790, 519)
(789, 453)
(854, 455)
(858, 519)


(407, 518)
(341, 521)
(339, 455)
(404, 453)


(404, 180)
(404, 244)
(337, 244)
(336, 178)


TEST START
[array([[[792., 521.],
        [789., 455.],
        [855., 456.],
        [860., 519.]]], dtype=float32), array([[[407., 520.],
        [341., 521.],
        [341., 455.],
        [404., 453.]]], dtype=float32), array([[[791., 181.],
        [857., 181.],
        [855., 246.],
        [789., 246.]]], dtype=float32), array([[[404., 180.],
        [404., 245.],
        [339., 245.],
        [336., 180.]]], dtype=float32)]
TEST DONE
4
(792, 521)
(789, 455)
(855, 456)
(860, 519)


(407, 520)
(341, 521)
(341, 455)
(404, 453)


(791, 181)
(857, 181)
(855, 246)
(789, 246)


(404, 180)
(404, 245)
(339, 245)
(336, 180)


TEST START
[array([[[792., 521.],
        [790., 455.],
        [855., 456.],
        [860., 519.]]], dtype=float32), array([[[407., 521.],
        [341., 522.],
        [340., 456.],
        [404., 454.]]], dtype=float32), array([[[791., 181.],
        [857., 181.],
        [855., 246.],
        [789., 246.]]], dtype=float32), array([[[403., 180.],
        [404., 245.],
        [338., 245.],
        [336., 180.]]], dtype=float32)]
TEST DONE
4
(792, 521)
(790, 455)
(855, 456)
(860, 519)


(407, 521)
(341, 522)
(340, 456)
(404, 454)


(791, 181)
(857, 181)
(855, 246)
(789, 246)


(403, 180)
(404, 245)
(338, 245)
(336, 180)


TEST START
[array([[[407., 520.],
        [341., 522.],
        [339., 457.],
        [404., 454.]]], dtype=float32), array([[[402., 180.],
        [404., 243.],
        [336., 244.],
        [334., 181.]]], dtype=float32), array([[[791., 520.],
        [789., 455.],
        [855., 455.],
        [859., 519.]]], dtype=float32), array([[[790., 181.],
        [856., 181.],
        [854., 246.],
        [788., 245.]]], dtype=float32)]
TEST DONE
4
(407, 520)
(341, 522)
(339, 457)
(404, 454)


(402, 180)
(404, 243)
(336, 244)
(334, 181)


(791, 520)
(789, 455)
(855, 455)
(859, 519)


(790, 181)
(856, 181)
(854, 246)
(788, 245)


TEST START
[array([[[405., 520.],
        [339., 522.],
        [339., 456.],
        [402., 454.]]], dtype=float32), array([[[789., 519.],
        [788., 453.],
        [854., 455.],
        [858., 518.]]], dtype=float32), array([[[400., 180.],
        [402., 244.],
        [336., 246.],
        [333., 180.]]], dtype=float32), array([[[788., 180.],
        [854., 180.],
        [852., 245.],
        [786., 244.]]], dtype=float32)]
TEST DONE
4
(405, 520)
(339, 522)
(339, 456)
(402, 454)


(789, 519)
(788, 453)
(854, 455)
(858, 518)


(400, 180)
(402, 244)
(336, 246)
(333, 180)


(788, 180)
(854, 180)
(852, 245)
(786, 244)


TEST START
[array([[[405., 521.],
        [339., 523.],
        [338., 457.],
        [403., 455.]]], dtype=float32), array([[[789., 519.],
        [789., 454.],
        [854., 455.],
        [858., 519.]]], dtype=float32), array([[[788., 180.],
        [855., 180.],
        [852., 245.],
        [787., 245.]]], dtype=float32), array([[[400., 180.],
        [402., 244.],
        [336., 246.],
        [332., 181.]]], dtype=float32)]
TEST DONE
4
(405, 521)
(339, 523)
(338, 457)
(403, 455)


(789, 519)
(789, 454)
(854, 455)
(858, 519)


(788, 180)
(855, 180)
(852, 245)
(787, 245)


(400, 180)
(402, 244)
(336, 246)
(332, 181)


TEST START
[array([[[405., 519.],
        [339., 522.],
        [337., 456.],
        [402., 454.]]], dtype=float32), array([[[789., 519.],
        [788., 453.],
        [854., 455.],
        [858., 518.]]], dtype=float32), array([[[788., 180.],
        [854., 180.],
        [852., 245.],
        [786., 245.]]], dtype=float32), array([[[401., 180.],
        [401., 244.],
        [335., 245.],
        [332., 180.]]], dtype=float32)]
TEST DONE
4
(405, 519)
(339, 522)
(337, 456)
(402, 454)


(789, 519)
(788, 453)
(854, 455)
(858, 518)


(788, 180)
(854, 180)
(852, 245)
(786, 245)


(401, 180)
(401, 244)
(335, 245)
(332, 180)


TEST START
[array([[[404., 520.],
        [338., 522.],
        [337., 456.],
        [402., 455.]]], dtype=float32), array([[[790., 520.],
        [788., 453.],
        [854., 455.],
        [858., 518.]]], dtype=float32), array([[[790., 179.],
        [855., 178.],
        [854., 244.],
        [787., 244.]]], dtype=float32), array([[[399., 179.],
        [401., 243.],
        [334., 244.],
        [331., 178.]]], dtype=float32)]
TEST DONE
4
(404, 520)
(338, 522)
(337, 456)
(402, 455)


(790, 520)
(788, 453)
(854, 455)
(858, 518)


(790, 179)
(855, 178)
(854, 244)
(787, 244)


(399, 179)
(401, 243)
(334, 244)
(331, 178)


TEST START
[array([[[397., 180.],
        [399., 244.],
        [331., 244.],
        [330., 180.]]], dtype=float32), array([[[402., 521.],
        [336., 523.],
        [336., 456.],
        [400., 455.]]], dtype=float32), array([[[788., 519.],
        [787., 453.],
        [852., 453.],
        [857., 518.]]], dtype=float32), array([[[788., 178.],
        [854., 179.],
        [852., 243.],
        [786., 244.]]], dtype=float32)]
TEST DONE
4
(397, 180)
(399, 244)
(331, 244)
(330, 180)


(402, 521)
(336, 523)
(336, 456)
(400, 455)


(788, 519)
(787, 453)
(852, 453)
(857, 518)


(788, 178)
(854, 179)
(852, 243)
(786, 244)


TEST START
[array([[[397., 180.],
        [399., 244.],
        [331., 244.],
        [328., 180.]]], dtype=float32), array([[[402., 521.],
        [336., 523.],
        [336., 456.],
        [400., 455.]]], dtype=float32), array([[[787., 519.],
        [786., 453.],
        [852., 453.],
        [857., 518.]]], dtype=float32), array([[[786., 178.],
        [852., 177.],
        [851., 243.],
        [784., 243.]]], dtype=float32)]
TEST DONE
4
(397, 180)
(399, 244)
(331, 244)
(328, 180)


(402, 521)
(336, 523)
(336, 456)
(400, 455)


(787, 519)
(786, 453)
(852, 453)
(857, 518)


(786, 178)
(852, 177)
(851, 243)
(784, 243)


TEST START
[array([[[396., 180.],
        [397., 244.],
        [331., 244.],
        [328., 180.]]], dtype=float32), array([[[402., 521.],
        [336., 522.],
        [336., 456.],
        [399., 454.]]], dtype=float32), array([[[787., 518.],
        [786., 452.],
        [851., 453.],
        [856., 517.]]], dtype=float32), array([[[786., 178.],
        [852., 177.],
        [850., 243.],
        [784., 244.]]], dtype=float32)]
TEST DONE
4
(396, 180)
(397, 244)
(331, 244)
(328, 180)


(402, 521)
(336, 522)
(336, 456)
(399, 454)


(787, 518)
(786, 452)
(851, 453)
(856, 517)


(786, 178)
(852, 177)
(850, 243)
(784, 244)


TEST START
[array([[[402., 520.],
        [336., 522.],
        [335., 456.],
        [399., 454.]]], dtype=float32), array([[[787., 518.],
        [786., 452.],
        [851., 453.],
        [855., 517.]]], dtype=float32), array([[[396., 180.],
        [397., 244.],
        [331., 245.],
        [328., 179.]]], dtype=float32), array([[[786., 178.],
        [852., 177.],
        [850., 243.],
        [784., 243.]]], dtype=float32)]
TEST DONE
4
(402, 520)
(336, 522)
(335, 456)
(399, 454)


(787, 518)
(786, 452)
(851, 453)
(855, 517)


(396, 180)
(397, 244)
(331, 245)
(328, 179)


(786, 178)
(852, 177)
(850, 243)
(784, 243)


TEST START
[array([[[402., 520.],
        [336., 522.],
        [334., 457.],
        [399., 454.]]], dtype=float32), array([[[787., 518.],
        [786., 452.],
        [850., 452.],
        [855., 516.]]], dtype=float32), array([[[396., 180.],
        [397., 244.],
        [331., 245.],
        [328., 180.]]], dtype=float32), array([[[784., 178.],
        [851., 177.],
        [849., 243.],
        [783., 243.]]], dtype=float32)]
TEST DONE
4
(402, 520)
(336, 522)
(334, 457)
(399, 454)


(787, 518)
(786, 452)
(850, 452)
(855, 516)


(396, 180)
(397, 244)
(331, 245)
(328, 180)


(784, 178)
(851, 177)
(849, 243)
(783, 243)


TEST START
[array([[[402., 521.],
        [336., 523.],
        [334., 457.],
        [399., 454.]]], dtype=float32), array([[[787., 518.],
        [785., 453.],
        [851., 453.],
        [855., 517.]]], dtype=float32), array([[[396., 180.],
        [397., 244.],
        [331., 245.],
        [328., 180.]]], dtype=float32), array([[[784., 178.],
        [851., 177.],
        [849., 243.],
        [783., 243.]]], dtype=float32)]
TEST DONE
4
(402, 521)
(336, 523)
(334, 457)
(399, 454)


(787, 518)
(785, 453)
(851, 453)
(855, 517)


(396, 180)
(397, 244)
(331, 245)
(328, 180)


(784, 178)
(851, 177)
(849, 243)
(783, 243)


TEST START
[array([[[402., 521.],
        [337., 523.],
        [335., 457.],
        [399., 454.]]], dtype=float32), array([[[787., 518.],
        [786., 452.],
        [851., 453.],
        [856., 516.]]], dtype=float32), array([[[396., 180.],
        [398., 244.],
        [331., 245.],
        [328., 180.]]], dtype=float32), array([[[786., 178.],
        [852., 178.],
        [850., 243.],
        [783., 243.]]], dtype=float32)]
TEST DONE
4
(402, 521)
(337, 523)
(335, 457)
(399, 454)


(787, 518)
(786, 452)
(851, 453)
(856, 516)


(396, 180)
(398, 244)
(331, 245)
(328, 180)


(786, 178)
(852, 178)
(850, 243)
(783, 243)


TEST START
[array([[[402., 519.],
        [336., 523.],
        [334., 456.],
        [399., 454.]]], dtype=float32), array([[[786., 518.],
        [785., 452.],
        [851., 453.],
        [855., 516.]]], dtype=float32), array([[[396., 180.],
        [397., 244.],
        [331., 245.],
        [328., 179.]]], dtype=float32), array([[[784., 178.],
        [851., 178.],
        [849., 243.],
        [783., 243.]]], dtype=float32)]
TEST DONE
4
(402, 519)
(336, 523)
(334, 456)
(399, 454)


(786, 518)
(785, 452)
(851, 453)
(855, 516)


(396, 180)
(397, 244)
(331, 245)
(328, 179)


(784, 178)
(851, 178)
(849, 243)
(783, 243)


TEST START
[array([[[401., 520.],
        [336., 523.],
        [334., 456.],
        [398., 454.]]], dtype=float32), array([[[787., 518.],
        [784., 452.],
        [850., 452.],
        [855., 516.]]], dtype=float32), array([[[395., 180.],
        [396., 244.],
        [330., 245.],
        [326., 180.]]], dtype=float32), array([[[784., 177.],
        [849., 176.],
        [849., 241.],
        [782., 242.]]], dtype=float32)]
TEST DONE
4
(401, 520)
(336, 523)
(334, 456)
(398, 454)


(787, 518)
(784, 452)
(850, 452)
(855, 516)


(395, 180)
(396, 244)
(330, 245)
(326, 180)


(784, 177)
(849, 176)
(849, 241)
(782, 242)


TEST START
[array([[[402., 519.],
        [336., 523.],
        [334., 456.],
        [399., 454.]]], dtype=float32), array([[[786., 517.],
        [784., 452.],
        [849., 452.],
        [854., 516.]]], dtype=float32), array([[[395., 180.],
        [396., 245.],
        [330., 245.],
        [327., 180.]]], dtype=float32), array([[[784., 177.],
        [849., 176.],
        [849., 241.],
        [782., 242.]]], dtype=float32)]
TEST DONE
4
(402, 519)
(336, 523)
(334, 456)
(399, 454)


(786, 517)
(784, 452)
(849, 452)
(854, 516)


(395, 180)
(396, 245)
(330, 245)
(327, 180)


(784, 177)
(849, 176)
(849, 241)
(782, 242)


TEST START
[array([[[401., 519.],
        [336., 522.],
        [333., 456.],
        [398., 453.]]], dtype=float32), array([[[785., 516.],
        [784., 450.],
        [849., 451.],
        [854., 515.]]], dtype=float32), array([[[394., 179.],
        [396., 244.],
        [329., 244.],
        [325., 180.]]], dtype=float32), array([[[783., 177.],
        [849., 177.],
        [847., 241.],
        [781., 242.]]], dtype=float32)]
TEST DONE
4
(401, 519)
(336, 522)
(333, 456)
(398, 453)


(785, 516)
(784, 450)
(849, 451)
(854, 515)


(394, 179)
(396, 244)
(329, 244)
(325, 180)


(783, 177)
(849, 177)
(847, 241)
(781, 242)


TEST START
[array([[[394., 180.],
        [394., 244.],
        [328., 244.],
        [325., 180.]]], dtype=float32), array([[[401., 519.],
        [335., 522.],
        [333., 456.],
        [397., 453.]]], dtype=float32), array([[[786., 517.],
        [783., 451.],
        [849., 451.],
        [854., 515.]]], dtype=float32), array([[[783., 177.],
        [849., 177.],
        [847., 241.],
        [781., 242.]]], dtype=float32)]
TEST DONE
4
(394, 180)
(394, 244)
(328, 244)
(325, 180)


(401, 519)
(335, 522)
(333, 456)
(397, 453)


(786, 517)
(783, 451)
(849, 451)
(854, 515)


(783, 177)
(849, 177)
(847, 241)
(781, 242)


TEST START
[array([[[402., 519.],
        [336., 522.],
        [334., 456.],
        [399., 453.]]], dtype=float32), array([[[786., 517.],
        [784., 452.],
        [849., 452.],
        [854., 515.]]], dtype=float32), array([[[396., 180.],
        [396., 245.],
        [330., 245.],
        [327., 180.]]], dtype=float32), array([[[783., 177.],
        [849., 176.],
        [848., 241.],
        [781., 241.]]], dtype=float32)]
TEST DONE
4
(402, 519)
(336, 522)
(334, 456)
(399, 453)


(786, 517)
(784, 452)
(849, 452)
(854, 515)


(396, 180)
(396, 245)
(330, 245)
(327, 180)


(783, 177)
(849, 176)
(848, 241)
(781, 241)


TEST START
[array([[[402., 519.],
        [336., 522.],
        [335., 456.],
        [399., 453.]]], dtype=float32), array([[[786., 515.],
        [783., 450.],
        [849., 450.],
        [854., 513.]]], dtype=float32), array([[[394., 181.],
        [396., 245.],
        [330., 246.],
        [326., 181.]]], dtype=float32), array([[[781., 177.],
        [847., 175.],
        [846., 241.],
        [780., 241.]]], dtype=float32)]
TEST DONE
4
(402, 519)
(336, 522)
(335, 456)
(399, 453)


(786, 515)
(783, 450)
(849, 450)
(854, 513)


(394, 181)
(396, 245)
(330, 246)
(326, 181)


(781, 177)
(847, 175)
(846, 241)
(780, 241)


TEST START
[array([[[405., 519.],
        [340., 521.],
        [339., 455.],
        [402., 453.]]], dtype=float32), array([[[787., 515.],
        [786., 450.],
        [851., 450.],
        [856., 513.]]], dtype=float32), array([[[397., 182.],
        [399., 246.],
        [334., 247.],
        [330., 183.]]], dtype=float32), array([[[781., 178.],
        [846., 176.],
        [847., 241.],
        [781., 243.]]], dtype=float32)]
TEST DONE
4
(405, 519)
(340, 521)
(339, 455)
(402, 453)


(787, 515)
(786, 450)
(851, 450)
(856, 513)


(397, 182)
(399, 246)
(334, 247)
(330, 183)


(781, 178)
(846, 176)
(847, 241)
(781, 243)


TEST START
[array([[[410., 518.],
        [345., 519.],
        [344., 455.],
        [407., 452.]]], dtype=float32), array([[[791., 515.],
        [789., 450.],
        [854., 450.],
        [858., 513.]]], dtype=float32), array([[[404., 183.],
        [405., 246.],
        [339., 247.],
        [337., 183.]]], dtype=float32), array([[[785., 180.],
        [851., 180.],
        [849., 243.],
        [784., 244.]]], dtype=float32)]
TEST DONE
4
(410, 518)
(345, 519)
(344, 455)
(407, 452)


(791, 515)
(789, 450)
(854, 450)
(858, 513)


(404, 183)
(405, 246)
(339, 247)
(337, 183)


(785, 180)
(851, 180)
(849, 243)
(784, 244)


TEST START
[array([[[413., 518.],
        [348., 520.],
        [347., 454.],
        [410., 452.]]], dtype=float32), array([[[793., 516.],
        [790., 450.],
        [855., 450.],
        [860., 514.]]], dtype=float32), array([[[407., 183.],
        [408., 247.],
        [342., 247.],
        [340., 184.]]], dtype=float32), array([[[788., 181.],
        [853., 180.],
        [852., 244.],
        [787., 245.]]], dtype=float32)]
TEST DONE
4
(413, 518)
(348, 520)
(347, 454)
(410, 452)


(793, 516)
(790, 450)
(855, 450)
(860, 514)


(407, 183)
(408, 247)
(342, 247)
(340, 184)


(788, 181)
(853, 180)
(852, 244)
(787, 245)


TEST START
[array([[[416., 517.],
        [350., 521.],
        [350., 455.],
        [413., 453.]]], dtype=float32), array([[[795., 516.],
        [792., 450.],
        [857., 451.],
        [863., 513.]]], dtype=float32), array([[[410., 184.],
        [410., 247.],
        [346., 248.],
        [342., 185.]]], dtype=float32), array([[[789., 181.],
        [855., 180.],
        [853., 245.],
        [789., 246.]]], dtype=float32)]
TEST DONE
4
(416, 517)
(350, 521)
(350, 455)
(413, 453)


(795, 516)
(792, 450)
(857, 451)
(863, 513)


(410, 184)
(410, 247)
(346, 248)
(342, 185)


(789, 181)
(855, 180)
(853, 245)
(789, 246)


TEST START
[array([[[421., 520.],
        [356., 524.],
        [353., 458.],
        [418., 456.]]], dtype=float32), array([[[799., 518.],
        [797., 453.],
        [860., 453.],
        [866., 516.]]], dtype=float32), array([[[415., 186.],
        [415., 249.],
        [350., 249.],
        [347., 186.]]], dtype=float32), array([[[794., 184.],
        [859., 183.],
        [858., 247.],
        [794., 248.]]], dtype=float32)]
TEST DONE
4
(421, 520)
(356, 524)
(353, 458)
(418, 456)


(799, 518)
(797, 453)
(860, 453)
(866, 516)


(415, 186)
(415, 249)
(350, 249)
(347, 186)


(794, 184)
(859, 183)
(858, 247)
(794, 248)


TEST START
[array([[[423., 528.],
        [358., 531.],
        [356., 464.],
        [419., 463.]]], dtype=float32), array([[[802., 524.],
        [800., 458.],
        [863., 458.],
        [870., 521.]]], dtype=float32), array([[[416., 191.],
        [416., 255.],
        [351., 256.],
        [348., 192.]]], dtype=float32), array([[[797., 188.],
        [862., 188.],
        [860., 252.],
        [795., 252.]]], dtype=float32)]
TEST DONE
4
(423, 528)
(358, 531)
(356, 464)
(419, 463)


(802, 524)
(800, 458)
(863, 458)
(870, 521)


(416, 191)
(416, 255)
(351, 256)
(348, 192)


(797, 188)
(862, 188)
(860, 252)
(795, 252)


TEST START
[array([[[426., 537.],
        [360., 541.],
        [358., 473.],
        [423., 472.]]], dtype=float32), array([[[806., 532.],
        [804., 467.],
        [869., 467.],
        [874., 530.]]], dtype=float32), array([[[418., 198.],
        [418., 263.],
        [352., 263.],
        [350., 198.]]], dtype=float32), array([[[800., 194.],
        [867., 194.],
        [865., 258.],
        [800., 259.]]], dtype=float32)]
TEST DONE
4
(426, 537)
(360, 541)
(358, 473)
(423, 472)


(806, 532)
(804, 467)
(869, 467)
(874, 530)


(418, 198)
(418, 263)
(352, 263)
(350, 198)


(800, 194)
(867, 194)
(865, 258)
(800, 259)


TEST START
[array([[[425., 543.],
        [359., 547.],
        [356., 481.],
        [422., 478.]]], dtype=float32), array([[[808., 538.],
        [806., 471.],
        [871., 472.],
        [876., 535.]]], dtype=float32), array([[[418., 203.],
        [418., 266.],
        [352., 268.],
        [350., 203.]]], dtype=float32), array([[[803., 198.],
        [869., 197.],
        [868., 262.],
        [802., 263.]]], dtype=float32)]
TEST DONE
4
(425, 543)
(359, 547)
(356, 481)
(422, 478)


(808, 538)
(806, 471)
(871, 472)
(876, 535)


(418, 203)
(418, 266)
(352, 268)
(350, 203)


(803, 198)
(869, 197)
(868, 262)
(802, 263)


TEST START
[array([[[418., 551.],
        [352., 555.],
        [349., 488.],
        [414., 484.]]], dtype=float32), array([[[805., 543.],
        [802., 477.],
        [867., 475.],
        [873., 541.]]], dtype=float32), array([[[410., 208.],
        [410., 272.],
        [342., 274.],
        [340., 208.]]], dtype=float32), array([[[799., 200.],
        [866., 199.],
        [865., 265.],
        [798., 266.]]], dtype=float32)]
TEST DONE
4
(418, 551)
(352, 555)
(349, 488)
(414, 484)


(805, 543)
(802, 477)
(867, 475)
(873, 541)


(410, 208)
(410, 272)
(342, 274)
(340, 208)


(799, 200)
(866, 199)
(865, 265)
(798, 266)


TEST START
[array([[[416., 555.],
        [349., 559.],
        [346., 492.],
        [412., 489.]]], dtype=float32), array([[[803., 546.],
        [801., 480.],
        [867., 479.],
        [873., 544.]]], dtype=float32), array([[[405., 211.],
        [407., 275.],
        [339., 277.],
        [336., 212.]]], dtype=float32), array([[[797., 202.],
        [865., 201.],
        [863., 267.],
        [797., 268.]]], dtype=float32)]
TEST DONE
4
(416, 555)
(349, 559)
(346, 492)
(412, 489)


(803, 546)
(801, 480)
(867, 479)
(873, 544)


(405, 211)
(407, 275)
(339, 277)
(336, 212)


(797, 202)
(865, 201)
(863, 267)
(797, 268)


TEST START
[array([[[415., 557.],
        [348., 560.],
        [346., 492.],
        [412., 490.]]], dtype=float32), array([[[804., 549.],
        [802., 482.],
        [867., 481.],
        [873., 547.]]], dtype=float32), array([[[405., 211.],
        [407., 277.],
        [339., 278.],
        [336., 213.]]], dtype=float32), array([[[800., 204.],
        [868., 203.],
        [866., 269.],
        [799., 270.]]], dtype=float32)]
TEST DONE
4
(415, 557)
(348, 560)
(346, 492)
(412, 490)


(804, 549)
(802, 482)
(867, 481)
(873, 547)


(405, 211)
(407, 277)
(339, 278)
(336, 213)


(800, 204)
(868, 203)
(866, 269)
(799, 270)


TEST START
[array([[[413., 553.],
        [346., 556.],
        [344., 489.],
        [408., 486.]]], dtype=float32), array([[[800., 545.],
        [797., 479.],
        [863., 478.],
        [869., 543.]]], dtype=float32), array([[[402., 209.],
        [404., 274.],
        [336., 276.],
        [333., 211.]]], dtype=float32), array([[[795., 202.],
        [863., 200.],
        [861., 266.],
        [794., 268.]]], dtype=float32)]
TEST DONE
4
(413, 553)
(346, 556)
(344, 489)
(408, 486)


(800, 545)
(797, 479)
(863, 478)
(869, 543)


(402, 209)
(404, 274)
(336, 276)
(333, 211)


(795, 202)
(863, 200)
(861, 266)
(794, 268)


TEST START
[array([[[410., 551.],
        [344., 554.],
        [342., 486.],
        [407., 484.]]], dtype=float32), array([[[798., 543.],
        [795., 477.],
        [861., 476.],
        [866., 541.]]], dtype=float32), array([[[401., 208.],
        [402., 272.],
        [334., 274.],
        [331., 208.]]], dtype=float32), array([[[792., 200.],
        [860., 198.],
        [858., 265.],
        [792., 266.]]], dtype=float32)]
TEST DONE
4
(410, 551)
(344, 554)
(342, 486)
(407, 484)


(798, 543)
(795, 477)
(861, 476)
(866, 541)


(401, 208)
(402, 272)
(334, 274)
(331, 208)


(792, 200)
(860, 198)
(858, 265)
(792, 266)


TEST START
[array([[[410., 549.],
        [344., 553.],
        [341., 486.],
        [407., 483.]]], dtype=float32), array([[[797., 542.],
        [795., 475.],
        [860., 475.],
        [866., 540.]]], dtype=float32), array([[[399., 206.],
        [402., 271.],
        [334., 273.],
        [331., 208.]]], dtype=float32), array([[[792., 199.],
        [859., 198.],
        [857., 264.],
        [791., 265.]]], dtype=float32)]
TEST DONE
4
(410, 549)
(344, 553)
(341, 486)
(407, 483)


(797, 542)
(795, 475)
(860, 475)
(866, 540)


(399, 206)
(402, 271)
(334, 273)
(331, 208)


(792, 199)
(859, 198)
(857, 264)
(791, 265)


TEST START
[array([[[410., 549.],
        [344., 552.],
        [341., 485.],
        [406., 482.]]], dtype=float32), array([[[796., 541.],
        [794., 474.],
        [859., 474.],
        [865., 538.]]], dtype=float32), array([[[399., 206.],
        [401., 271.],
        [334., 273.],
        [330., 208.]]], dtype=float32), array([[[791., 198.],
        [857., 197.],
        [857., 263.],
        [789., 264.]]], dtype=float32)]
TEST DONE
4
(410, 549)
(344, 552)
(341, 485)
(406, 482)


(796, 541)
(794, 474)
(859, 474)
(865, 538)


(399, 206)
(401, 271)
(334, 273)
(330, 208)


(791, 198)
(857, 197)
(857, 263)
(789, 264)


TEST START
[array([[[410., 545.],
        [345., 549.],
        [342., 481.],
        [407., 479.]]], dtype=float32), array([[[796., 538.],
        [792., 472.],
        [857., 471.],
        [863., 536.]]], dtype=float32), array([[[401., 205.],
        [402., 269.],
        [336., 271.],
        [332., 206.]]], dtype=float32), array([[[789., 197.],
        [856., 196.],
        [855., 261.],
        [788., 263.]]], dtype=float32)]
TEST DONE
4
(410, 545)
(345, 549)
(342, 481)
(407, 479)


(796, 538)
(792, 472)
(857, 471)
(863, 536)


(401, 205)
(402, 269)
(336, 271)
(332, 206)


(789, 197)
(856, 196)
(855, 261)
(788, 263)


TEST START
[array([[[410., 544.],
        [344., 547.],
        [342., 480.],
        [407., 478.]]], dtype=float32), array([[[792., 535.],
        [790., 469.],
        [854., 468.],
        [860., 533.]]], dtype=float32), array([[[399., 205.],
        [401., 268.],
        [334., 270.],
        [331., 206.]]], dtype=float32), array([[[786., 196.],
        [852., 195.],
        [851., 260.],
        [784., 261.]]], dtype=float32)]
TEST DONE
4
(410, 544)
(344, 547)
(342, 480)
(407, 478)


(792, 535)
(790, 469)
(854, 468)
(860, 533)


(399, 205)
(401, 268)
(334, 270)
(331, 206)


(786, 196)
(852, 195)
(851, 260)
(784, 261)


TEST START
[array([[[413., 544.],
        [346., 549.],
        [344., 481.],
        [408., 479.]]], dtype=float32), array([[[795., 535.],
        [792., 470.],
        [858., 469.],
        [863., 533.]]], dtype=float32), array([[[400., 205.],
        [402., 270.],
        [336., 271.],
        [333., 206.]]], dtype=float32), array([[[786., 197.],
        [852., 195.],
        [852., 260.],
        [786., 262.]]], dtype=float32)]
TEST DONE
4
(413, 544)
(346, 549)
(344, 481)
(408, 479)


(795, 535)
(792, 470)
(858, 469)
(863, 533)


(400, 205)
(402, 270)
(336, 271)
(333, 206)


(786, 197)
(852, 195)
(852, 260)
(786, 262)


TEST START
[array([[[413., 544.],
        [349., 548.],
        [345., 482.],
        [410., 478.]]], dtype=float32), array([[[797., 535.],
        [792., 469.],
        [857., 468.],
        [863., 532.]]], dtype=float32), array([[[402., 206.],
        [404., 269.],
        [337., 271.],
        [334., 207.]]], dtype=float32), array([[[787., 197.],
        [854., 196.],
        [853., 260.],
        [787., 261.]]], dtype=float32)]
TEST DONE
4
(413, 544)
(349, 548)
(345, 482)
(410, 478)


(797, 535)
(792, 469)
(857, 468)
(863, 532)


(402, 206)
(404, 269)
(337, 271)
(334, 207)


(787, 197)
(854, 196)
(853, 260)
(787, 261)


TEST START
[array([[[410., 539.],
        [346., 543.],
        [342., 477.],
        [407., 473.]]], dtype=float32), array([[[791., 527.],
        [787., 461.],
        [851., 461.],
        [857., 524.]]], dtype=float32), array([[[398., 203.],
        [399., 266.],
        [334., 268.],
        [331., 204.]]], dtype=float32), array([[[780., 193.],
        [845., 190.],
        [846., 253.],
        [780., 256.]]], dtype=float32)]
TEST DONE
4
(410, 539)
(346, 543)
(342, 477)
(407, 473)


(791, 527)
(787, 461)
(851, 461)
(857, 524)


(398, 203)
(399, 266)
(334, 268)
(331, 204)


(780, 193)
(845, 190)
(846, 253)
(780, 256)


TEST START
[array([[[410., 538.],
        [346., 542.],
        [342., 475.],
        [406., 472.]]], dtype=float32), array([[[789., 524.],
        [786., 459.],
        [849., 458.],
        [857., 521.]]], dtype=float32), array([[[395., 201.],
        [399., 266.],
        [333., 268.],
        [328., 203.]]], dtype=float32), array([[[778., 189.],
        [843., 188.],
        [843., 252.],
        [778., 254.]]], dtype=float32)]
TEST DONE
4
(410, 538)
(346, 542)
(342, 475)
(406, 472)


(789, 524)
(786, 459)
(849, 458)
(857, 521)


(395, 201)
(399, 266)
(333, 268)
(328, 203)


(778, 189)
(843, 188)
(843, 252)
(778, 254)


TEST START
[array([[[411., 538.],
        [346., 543.],
        [343., 477.],
        [407., 473.]]], dtype=float32), array([[[789., 524.],
        [787., 460.],
        [851., 459.],
        [857., 522.]]], dtype=float32), array([[[397., 203.],
        [399., 266.],
        [333., 268.],
        [330., 205.]]], dtype=float32), array([[[778., 191.],
        [844., 189.],
        [844., 252.],
        [778., 254.]]], dtype=float32)]
TEST DONE
4
(411, 538)
(346, 543)
(343, 477)
(407, 473)


(789, 524)
(787, 460)
(851, 459)
(857, 522)


(397, 203)
(399, 266)
(333, 268)
(330, 205)


(778, 191)
(844, 189)
(844, 252)
(778, 254)


TEST START
[array([[[411., 538.],
        [346., 542.],
        [342., 476.],
        [405., 472.]]], dtype=float32), array([[[788., 523.],
        [784., 459.],
        [849., 458.],
        [854., 521.]]], dtype=float32), array([[[396., 203.],
        [398., 266.],
        [333., 269.],
        [328., 205.]]], dtype=float32), array([[[776., 191.],
        [840., 188.],
        [841., 252.],
        [776., 254.]]], dtype=float32)]
TEST DONE
4
(411, 538)
(346, 542)
(342, 476)
(405, 472)


(788, 523)
(784, 459)
(849, 458)
(854, 521)


(396, 203)
(398, 266)
(333, 269)
(328, 205)


(776, 191)
(840, 188)
(841, 252)
(776, 254)


TEST START
[array([[[412., 538.],
        [347., 543.],
        [343., 477.],
        [407., 473.]]], dtype=float32), array([[[791., 524.],
        [786., 458.],
        [849., 457.],
        [857., 519.]]], dtype=float32), array([[[396., 202.],
        [399., 266.],
        [333., 268.],
        [328., 205.]]], dtype=float32), array([[[776., 190.],
        [841., 187.],
        [842., 250.],
        [777., 254.]]], dtype=float32)]
TEST DONE
4
(412, 538)
(347, 543)
(343, 477)
(407, 473)


(791, 524)
(786, 458)
(849, 457)
(857, 519)


(396, 202)
(399, 266)
(333, 268)
(328, 205)


(776, 190)
(841, 187)
(842, 250)
(777, 254)


TEST START
[array([[[415., 541.],
        [349., 546.],
        [345., 480.],
        [410., 476.]]], dtype=float32), array([[[792., 527.],
        [789., 462.],
        [853., 461.],
        [860., 524.]]], dtype=float32), array([[[399., 206.],
        [401., 269.],
        [335., 271.],
        [331., 208.]]], dtype=float32), array([[[779., 194.],
        [842., 190.],
        [844., 255.],
        [780., 257.]]], dtype=float32)]
TEST DONE
4
(415, 541)
(349, 546)
(345, 480)
(410, 476)


(792, 527)
(789, 462)
(853, 461)
(860, 524)


(399, 206)
(401, 269)
(335, 271)
(331, 208)


(779, 194)
(842, 190)
(844, 255)
(780, 257)


TEST START
[array([[[418., 547.],
        [352., 551.],
        [350., 484.],
        [414., 481.]]], dtype=float32), array([[[800., 535.],
        [797., 470.],
        [861., 469.],
        [867., 532.]]], dtype=float32), array([[[405., 208.],
        [407., 273.],
        [340., 274.],
        [336., 211.]]], dtype=float32), array([[[789., 199.],
        [855., 196.],
        [855., 261.],
        [789., 263.]]], dtype=float32)]
TEST DONE
4
(418, 547)
(352, 551)
(350, 484)
(414, 481)


(800, 535)
(797, 470)
(861, 469)
(867, 532)


(405, 208)
(407, 273)
(340, 274)
(336, 211)


(789, 199)
(855, 196)
(855, 261)
(789, 263)


TEST START
[array([[[418., 549.],
        [353., 552.],
        [350., 486.],
        [415., 483.]]], dtype=float32), array([[[800., 536.],
        [798., 472.],
        [863., 470.],
        [869., 535.]]], dtype=float32), array([[[406., 209.],
        [407., 273.],
        [340., 274.],
        [338., 209.]]], dtype=float32), array([[[792., 197.],
        [857., 195.],
        [858., 260.],
        [792., 263.]]], dtype=float32)]
TEST DONE
4
(418, 549)
(353, 552)
(350, 486)
(415, 483)


(800, 536)
(798, 472)
(863, 470)
(869, 535)


(406, 209)
(407, 273)
(340, 274)
(338, 209)


(792, 197)
(857, 195)
(858, 260)
(792, 263)


TEST START
[array([[[418., 548.],
        [353., 551.],
        [350., 484.],
        [414., 481.]]], dtype=float32), array([[[800., 536.],
        [798., 471.],
        [863., 470.],
        [868., 534.]]], dtype=float32), array([[[407., 208.],
        [408., 271.],
        [341., 274.],
        [337., 210.]]], dtype=float32), array([[[792., 198.],
        [857., 195.],
        [858., 261.],
        [792., 263.]]], dtype=float32)]
TEST DONE
4
(418, 548)
(353, 551)
(350, 484)
(414, 481)


(800, 536)
(798, 471)
(863, 470)
(868, 534)


(407, 208)
(408, 271)
(341, 274)
(337, 210)


(792, 198)
(857, 195)
(858, 261)
(792, 263)


TEST START
[array([[[416., 546.],
        [351., 549.],
        [348., 483.],
        [413., 480.]]], dtype=float32), array([[[799., 535.],
        [796., 469.],
        [860., 467.],
        [866., 532.]]], dtype=float32), array([[[405., 206.],
        [405., 271.],
        [339., 272.],
        [336., 208.]]], dtype=float32), array([[[790., 197.],
        [856., 195.],
        [855., 260.],
        [789., 261.]]], dtype=float32)]
TEST DONE
4
(416, 546)
(351, 549)
(348, 483)
(413, 480)


(799, 535)
(796, 469)
(860, 467)
(866, 532)


(405, 206)
(405, 271)
(339, 272)
(336, 208)


(790, 197)
(856, 195)
(855, 260)
(789, 261)


TEST START
[array([[[407., 206.],
        [408., 271.],
        [342., 273.],
        [339., 208.]]], dtype=float32), array([[[419., 546.],
        [353., 549.],
        [350., 483.],
        [416., 480.]]], dtype=float32), array([[[800., 535.],
        [798., 470.],
        [863., 469.],
        [868., 533.]]], dtype=float32), array([[[792., 198.],
        [857., 195.],
        [858., 260.],
        [792., 263.]]], dtype=float32)]
TEST DONE
4
(407, 206)
(408, 271)
(342, 273)
(339, 208)


(419, 546)
(353, 549)
(350, 483)
(416, 480)


(800, 535)
(798, 470)
(863, 469)
(868, 533)


(792, 198)
(857, 195)
(858, 260)
(792, 263)


TEST START
[array([[[419., 544.],
        [353., 549.],
        [350., 482.],
        [416., 480.]]], dtype=float32), array([[[800., 535.],
        [797., 469.],
        [862., 469.],
        [868., 532.]]], dtype=float32), array([[[408., 206.],
        [409., 269.],
        [342., 271.],
        [339., 208.]]], dtype=float32), array([[[792., 197.],
        [858., 195.],
        [858., 260.],
        [793., 262.]]], dtype=float32)]
TEST DONE
4
(419, 544)
(353, 549)
(350, 482)
(416, 480)


(800, 535)
(797, 469)
(862, 469)
(868, 532)


(408, 206)
(409, 269)
(342, 271)
(339, 208)


(792, 197)
(858, 195)
(858, 260)
(793, 262)


TEST START
[array([[[418., 544.],
        [352., 549.],
        [349., 482.],
        [413., 479.]]], dtype=float32), array([[[800., 534.],
        [797., 468.],
        [861., 468.],
        [867., 532.]]], dtype=float32), array([[[406., 205.],
        [407., 269.],
        [340., 271.],
        [338., 206.]]], dtype=float32), array([[[793., 195.],
        [858., 194.],
        [856., 260.],
        [791., 260.]]], dtype=float32)]
TEST DONE
4
(418, 544)
(352, 549)
(349, 482)
(413, 479)


(800, 534)
(797, 468)
(861, 468)
(867, 532)


(406, 205)
(407, 269)
(340, 271)
(338, 206)


(793, 195)
(858, 194)
(856, 260)
(791, 260)


TEST START
[array([[[418., 546.],
        [352., 549.],
        [350., 483.],
        [414., 479.]]], dtype=float32), array([[[800., 535.],
        [797., 469.],
        [861., 468.],
        [868., 532.]]], dtype=float32), array([[[407., 206.],
        [407., 270.],
        [341., 272.],
        [337., 208.]]], dtype=float32), array([[[792., 197.],
        [856., 194.],
        [857., 260.],
        [792., 262.]]], dtype=float32)]
TEST DONE
4
(418, 546)
(352, 549)
(350, 483)
(414, 479)


(800, 535)
(797, 469)
(861, 468)
(868, 532)


(407, 206)
(407, 270)
(341, 272)
(337, 208)


(792, 197)
(856, 194)
(857, 260)
(792, 262)


TEST START
[array([[[418., 546.],
        [352., 550.],
        [349., 483.],
        [414., 481.]]], dtype=float32), array([[[800., 535.],
        [797., 469.],
        [862., 469.],
        [868., 532.]]], dtype=float32), array([[[406., 206.],
        [407., 270.],
        [341., 272.],
        [337., 208.]]], dtype=float32), array([[[792., 197.],
        [858., 194.],
        [857., 260.],
        [793., 262.]]], dtype=float32)]
TEST DONE
4
(418, 546)
(352, 550)
(349, 483)
(414, 481)


(800, 535)
(797, 469)
(862, 469)
(868, 532)


(406, 206)
(407, 270)
(341, 272)
(337, 208)


(792, 197)
(858, 194)
(857, 260)
(793, 262)


TEST START
[array([[[418., 546.],
        [352., 550.],
        [349., 484.],
        [414., 481.]]], dtype=float32), array([[[800., 535.],
        [797., 470.],
        [863., 469.],
        [868., 532.]]], dtype=float32), array([[[405., 206.],
        [407., 270.],
        [340., 272.],
        [336., 208.]]], dtype=float32), array([[[792., 197.],
        [858., 194.],
        [858., 260.],
        [792., 261.]]], dtype=float32)]
TEST DONE
4
(418, 546)
(352, 550)
(349, 484)
(414, 481)


(800, 535)
(797, 470)
(863, 469)
(868, 532)


(405, 206)
(407, 270)
(340, 272)
(336, 208)


(792, 197)
(858, 194)
(858, 260)
(792, 261)


TEST START
[array([[[419., 545.],
        [354., 549.],
        [351., 482.],
        [416., 479.]]], dtype=float32), array([[[802., 534.],
        [799., 469.],
        [863., 467.],
        [869., 532.]]], dtype=float32), array([[[407., 204.],
        [410., 267.],
        [343., 271.],
        [339., 206.]]], dtype=float32), array([[[794., 196.],
        [860., 193.],
        [860., 259.],
        [794., 261.]]], dtype=float32)]
TEST DONE
4
(419, 545)
(354, 549)
(351, 482)
(416, 479)


(802, 534)
(799, 469)
(863, 467)
(869, 532)


(407, 204)
(410, 267)
(343, 271)
(339, 206)


(794, 196)
(860, 193)
(860, 259)
(794, 261)


TEST START
[array([[[421., 540.],
        [355., 545.],
        [352., 478.],
        [417., 475.]]], dtype=float32), array([[[802., 530.],
        [800., 464.],
        [864., 464.],
        [870., 527.]]], dtype=float32), array([[[409., 200.],
        [410., 265.],
        [342., 266.],
        [339., 203.]]], dtype=float32), array([[[795., 192.],
        [861., 189.],
        [861., 255.],
        [795., 257.]]], dtype=float32)]
TEST DONE
4
(421, 540)
(355, 545)
(352, 478)
(417, 475)


(802, 530)
(800, 464)
(864, 464)
(870, 527)


(409, 200)
(410, 265)
(342, 266)
(339, 203)


(795, 192)
(861, 189)
(861, 255)
(795, 257)


TEST START
[array([[[420., 540.],
        [355., 545.],
        [352., 478.],
        [416., 475.]]], dtype=float32), array([[[800., 529.],
        [798., 464.],
        [862., 464.],
        [868., 527.]]], dtype=float32), array([[[409., 201.],
        [410., 265.],
        [344., 268.],
        [340., 203.]]], dtype=float32), array([[[794., 192.],
        [858., 190.],
        [859., 255.],
        [793., 257.]]], dtype=float32)]
TEST DONE
4
(420, 540)
(355, 545)
(352, 478)
(416, 475)


(800, 529)
(798, 464)
(862, 464)
(868, 527)


(409, 201)
(410, 265)
(344, 268)
(340, 203)


(794, 192)
(858, 190)
(859, 255)
(793, 257)


TEST START
[array([[[418., 543.],
        [352., 546.],
        [350., 480.],
        [414., 477.]]], dtype=float32), array([[[800., 532.],
        [797., 466.],
        [860., 465.],
        [866., 530.]]], dtype=float32), array([[[407., 204.],
        [408., 268.],
        [341., 269.],
        [339., 205.]]], dtype=float32), array([[[792., 195.],
        [857., 193.],
        [857., 257.],
        [791., 260.]]], dtype=float32)]
TEST DONE
4
(418, 543)
(352, 546)
(350, 480)
(414, 477)


(800, 532)
(797, 466)
(860, 465)
(866, 530)


(407, 204)
(408, 268)
(341, 269)
(339, 205)


(792, 195)
(857, 193)
(857, 257)
(791, 260)


TEST START
[array([[[418., 543.],
        [353., 546.],
        [350., 480.],
        [414., 476.]]], dtype=float32), array([[[800., 531.],
        [797., 466.],
        [861., 465.],
        [867., 528.]]], dtype=float32), array([[[407., 203.],
        [408., 268.],
        [342., 269.],
        [339., 205.]]], dtype=float32), array([[[791., 195.],
        [857., 192.],
        [857., 257.],
        [792., 260.]]], dtype=float32)]
TEST DONE
4
(418, 543)
(353, 546)
(350, 480)
(414, 476)


(800, 531)
(797, 466)
(861, 465)
(867, 528)


(407, 203)
(408, 268)
(342, 269)
(339, 205)


(791, 195)
(857, 192)
(857, 257)
(792, 260)


TEST START
[array([[[421., 542.],
        [355., 546.],
        [352., 480.],
        [417., 477.]]], dtype=float32), array([[[801., 532.],
        [798., 467.],
        [863., 466.],
        [868., 529.]]], dtype=float32), array([[[410., 203.],
        [410., 268.],
        [344., 269.],
        [341., 205.]]], dtype=float32), array([[[794., 194.],
        [859., 192.],
        [859., 257.],
        [793., 259.]]], dtype=float32)]
TEST DONE
4
(421, 542)
(355, 546)
(352, 480)
(417, 477)


(801, 532)
(798, 467)
(863, 466)
(868, 529)


(410, 203)
(410, 268)
(344, 269)
(341, 205)


(794, 194)
(859, 192)
(859, 257)
(793, 259)


TEST START
[array([[[421., 541.],
        [355., 545.],
        [352., 478.],
        [417., 476.]]], dtype=float32), array([[[801., 531.],
        [798., 466.],
        [863., 464.],
        [868., 529.]]], dtype=float32), array([[[410., 203.],
        [410., 267.],
        [344., 269.],
        [341., 205.]]], dtype=float32), array([[[794., 194.],
        [859., 192.],
        [859., 257.],
        [794., 259.]]], dtype=float32)]
TEST DONE
4
(421, 541)
(355, 545)
(352, 478)
(417, 476)


(801, 531)
(798, 466)
(863, 464)
(868, 529)


(410, 203)
(410, 267)
(344, 269)
(341, 205)


(794, 194)
(859, 192)
(859, 257)
(794, 259)


TEST START
[array([[[419., 543.],
        [353., 546.],
        [351., 480.],
        [416., 477.]]], dtype=float32), array([[[800., 532.],
        [798., 468.],
        [863., 466.],
        [869., 530.]]], dtype=float32), array([[[408., 203.],
        [409., 268.],
        [342., 269.],
        [339., 205.]]], dtype=float32), array([[[794., 194.],
        [860., 192.],
        [860., 257.],
        [794., 260.]]], dtype=float32)]
TEST DONE
4
(419, 543)
(353, 546)
(351, 480)
(416, 477)


(800, 532)
(798, 468)
(863, 466)
(869, 530)


(408, 203)
(409, 268)
(342, 269)
(339, 205)


(794, 194)
(860, 192)
(860, 257)
(794, 260)


TEST START
[array([[[421., 543.],
        [355., 547.],
        [352., 481.],
        [417., 478.]]], dtype=float32), array([[[803., 533.],
        [800., 467.],
        [865., 467.],
        [870., 531.]]], dtype=float32), array([[[408., 203.],
        [410., 268.],
        [344., 269.],
        [340., 205.]]], dtype=float32), array([[[795., 194.],
        [861., 192.],
        [861., 258.],
        [796., 260.]]], dtype=float32)]
TEST DONE
4
(421, 543)
(355, 547)
(352, 481)
(417, 478)


(803, 533)
(800, 467)
(865, 467)
(870, 531)


(408, 203)
(410, 268)
(344, 269)
(340, 205)


(795, 194)
(861, 192)
(861, 258)
(796, 260)


TEST START
[array([[[423., 544.],
        [356., 548.],
        [353., 481.],
        [418., 478.]]], dtype=float32), array([[[805., 533.],
        [803., 467.],
        [868., 467.],
        [874., 530.]]], dtype=float32), array([[[410., 203.],
        [411., 268.],
        [345., 270.],
        [341., 206.]]], dtype=float32), array([[[798., 194.],
        [864., 192.],
        [863., 257.],
        [798., 259.]]], dtype=float32)]
TEST DONE
4
(423, 544)
(356, 548)
(353, 481)
(418, 478)


(805, 533)
(803, 467)
(868, 467)
(874, 530)


(410, 203)
(411, 268)
(345, 270)
(341, 206)


(798, 194)
(864, 192)
(863, 257)
(798, 259)


TEST START
[array([[[427., 544.],
        [361., 548.],
        [358., 481.],
        [422., 478.]]], dtype=float32), array([[[809., 534.],
        [806., 468.],
        [869., 467.],
        [876., 532.]]], dtype=float32), array([[[415., 204.],
        [416., 269.],
        [350., 271.],
        [346., 206.]]], dtype=float32), array([[[802., 195.],
        [868., 194.],
        [866., 259.],
        [800., 260.]]], dtype=float32)]
TEST DONE
4
(427, 544)
(361, 548)
(358, 481)
(422, 478)


(809, 534)
(806, 468)
(869, 467)
(876, 532)


(415, 204)
(416, 269)
(350, 271)
(346, 206)


(802, 195)
(868, 194)
(866, 259)
(800, 260)


TEST START
[array([[[424., 544.],
        [358., 547.],
        [355., 481.],
        [421., 478.]]], dtype=float32), array([[[806., 532.],
        [803., 467.],
        [867., 466.],
        [874., 530.]]], dtype=float32), array([[[413., 203.],
        [413., 268.],
        [347., 269.],
        [344., 205.]]], dtype=float32), array([[[798., 194.],
        [865., 192.],
        [864., 257.],
        [799., 260.]]], dtype=float32)]
TEST DONE
4
(424, 544)
(358, 547)
(355, 481)
(421, 478)


(806, 532)
(803, 467)
(867, 466)
(874, 530)


(413, 203)
(413, 268)
(347, 269)
(344, 205)


(798, 194)
(865, 192)
(864, 257)
(799, 260)


TEST START
[array([[[424., 542.],
        [357., 546.],
        [355., 480.],
        [419., 477.]]], dtype=float32), array([[[805., 532.],
        [803., 466.],
        [866., 465.],
        [873., 529.]]], dtype=float32), array([[[412., 203.],
        [413., 267.],
        [346., 269.],
        [342., 205.]]], dtype=float32), array([[[797., 194.],
        [863., 191.],
        [863., 257.],
        [797., 258.]]], dtype=float32)]
TEST DONE
4
(424, 542)
(357, 546)
(355, 480)
(419, 477)


(805, 532)
(803, 466)
(866, 465)
(873, 529)


(412, 203)
(413, 267)
(346, 269)
(342, 205)


(797, 194)
(863, 191)
(863, 257)
(797, 258)


TEST START
[array([[[422., 544.],
        [356., 548.],
        [353., 481.],
        [418., 478.]]], dtype=float32), array([[[804., 532.],
        [801., 467.],
        [866., 466.],
        [871., 530.]]], dtype=float32), array([[[410., 203.],
        [410., 268.],
        [344., 269.],
        [342., 205.]]], dtype=float32), array([[[797., 194.],
        [863., 192.],
        [863., 257.],
        [797., 259.]]], dtype=float32)]
TEST DONE
4
(422, 544)
(356, 548)
(353, 481)
(418, 478)


(804, 532)
(801, 467)
(866, 466)
(871, 530)


(410, 203)
(410, 268)
(344, 269)
(342, 205)


(797, 194)
(863, 192)
(863, 257)
(797, 259)


TEST START
[array([[[417., 546.],
        [350., 551.],
        [347., 484.],
        [413., 480.]]], dtype=float32), array([[[800., 532.],
        [797., 467.],
        [863., 465.],
        [868., 529.]]], dtype=float32), array([[[402., 204.],
        [404., 269.],
        [337., 271.],
        [333., 206.]]], dtype=float32), array([[[792., 192.],
        [857., 189.],
        [857., 255.],
        [791., 257.]]], dtype=float32)]
TEST DONE
4
(417, 546)
(350, 551)
(347, 484)
(413, 480)


(800, 532)
(797, 467)
(863, 465)
(868, 529)


(402, 204)
(404, 269)
(337, 271)
(333, 206)


(792, 192)
(857, 189)
(857, 255)
(791, 257)


TEST START
[array([[[418., 547.],
        [350., 552.],
        [347., 485.],
        [413., 481.]]], dtype=float32), array([[[800., 532.],
        [797., 466.],
        [862., 464.],
        [868., 528.]]], dtype=float32), array([[[402., 205.],
        [403., 269.],
        [336., 272.],
        [331., 206.]]], dtype=float32), array([[[791., 191.],
        [857., 189.],
        [857., 254.],
        [791., 257.]]], dtype=float32)]
TEST DONE
4
(418, 547)
(350, 552)
(347, 485)
(413, 481)


(800, 532)
(797, 466)
(862, 464)
(868, 528)


(402, 205)
(403, 269)
(336, 272)
(331, 206)


(791, 191)
(857, 189)
(857, 254)
(791, 257)


TEST START
[array([[[410., 546.],
        [345., 550.],
        [339., 483.],
        [406., 480.]]], dtype=float32), array([[[794., 527.],
        [791., 463.],
        [857., 461.],
        [863., 524.]]], dtype=float32), array([[[394., 202.],
        [397., 266.],
        [328., 269.],
        [325., 205.]]], dtype=float32), array([[[784., 188.],
        [851., 186.],
        [850., 251.],
        [784., 252.]]], dtype=float32)]
TEST DONE
4
(410, 546)
(345, 550)
(339, 483)
(406, 480)


(794, 527)
(791, 463)
(857, 461)
(863, 524)


(394, 202)
(397, 266)
(328, 269)
(325, 205)


(784, 188)
(851, 186)
(850, 251)
(784, 252)


TEST START
[array([[[397., 543.],
        [331., 548.],
        [326., 481.],
        [391., 477.]]], dtype=float32), array([[[783., 521.],
        [778., 455.],
        [843., 453.],
        [850., 518.]]], dtype=float32), array([[[377., 200.],
        [380., 265.],
        [312., 268.],
        [306., 203.]]], dtype=float32), array([[[768., 180.],
        [836., 178.],
        [836., 244.],
        [770., 246.]]], dtype=float32)]
TEST DONE
4
(397, 543)
(331, 548)
(326, 481)
(391, 477)


(783, 521)
(778, 455)
(843, 453)
(850, 518)


(377, 200)
(380, 265)
(312, 268)
(306, 203)


(768, 180)
(836, 178)
(836, 244)
(770, 246)


TEST START
[array([[[391., 539.],
        [323., 544.],
        [319., 478.],
        [385., 473.]]], dtype=float32), array([[[775., 517.],
        [772., 451.],
        [838., 450.],
        [844., 513.]]], dtype=float32), array([[[368., 197.],
        [372., 261.],
        [305., 266.],
        [298., 200.]]], dtype=float32), array([[[761., 175.],
        [827., 172.],
        [829., 238.],
        [761., 241.]]], dtype=float32)]
TEST DONE
4
(391, 539)
(323, 544)
(319, 478)
(385, 473)


(775, 517)
(772, 451)
(838, 450)
(844, 513)


(368, 197)
(372, 261)
(305, 266)
(298, 200)


(761, 175)
(827, 172)
(829, 238)
(761, 241)


TEST START
[array([[[387., 541.],
        [320., 546.],
        [315., 480.],
        [381., 475.]]], dtype=float32), array([[[774., 517.],
        [769., 450.],
        [835., 448.],
        [841., 513.]]], dtype=float32), array([[[361., 197.],
        [366., 262.],
        [298., 266.],
        [291., 200.]]], dtype=float32), array([[[756., 173.],
        [824., 169.],
        [824., 236.],
        [758., 240.]]], dtype=float32)]
TEST DONE
4
(387, 541)
(320, 546)
(315, 480)
(381, 475)


(774, 517)
(769, 450)
(835, 448)
(841, 513)


(361, 197)
(366, 262)
(298, 266)
(291, 200)


(756, 173)
(824, 169)
(824, 236)
(758, 240)


TEST START
[array([[[391., 542.],
        [325., 547.],
        [320., 480.],
        [386., 475.]]], dtype=float32), array([[[780., 521.],
        [775., 453.],
        [839., 451.],
        [847., 516.]]], dtype=float32), array([[[368., 197.],
        [372., 263.],
        [304., 266.],
        [297., 200.]]], dtype=float32), array([[[762., 176.],
        [829., 172.],
        [832., 238.],
        [765., 243.]]], dtype=float32)]
TEST DONE
4
(391, 542)
(325, 547)
(320, 480)
(386, 475)


(780, 521)
(775, 453)
(839, 451)
(847, 516)


(368, 197)
(372, 263)
(304, 266)
(297, 200)


(762, 176)
(829, 172)
(832, 238)
(765, 243)


TEST START
[array([[[391., 545.],
        [324., 549.],
        [320., 483.],
        [386., 478.]]], dtype=float32), array([[[782., 527.],
        [779., 461.],
        [846., 458.],
        [852., 524.]]], dtype=float32), array([[[370., 198.],
        [374., 263.],
        [305., 267.],
        [299., 200.]]], dtype=float32), array([[[770., 178.],
        [838., 175.],
        [839., 242.],
        [771., 246.]]], dtype=float32)]
TEST DONE
4
(391, 545)
(324, 549)
(320, 483)
(386, 478)


(782, 527)
(779, 461)
(846, 458)
(852, 524)


(370, 198)
(374, 263)
(305, 267)
(299, 200)


(770, 178)
(838, 175)
(839, 242)
(771, 246)


TEST START
[array([[[393., 546.],
        [327., 550.],
        [322., 483.],
        [388., 479.]]], dtype=float32), array([[[786., 530.],
        [783., 462.],
        [850., 461.],
        [856., 528.]]], dtype=float32), array([[[372., 197.],
        [377., 263.],
        [308., 267.],
        [301., 200.]]], dtype=float32), array([[[775., 180.],
        [843., 176.],
        [844., 244.],
        [775., 247.]]], dtype=float32)]
TEST DONE
4
(393, 546)
(327, 550)
(322, 483)
(388, 479)


(786, 530)
(783, 462)
(850, 461)
(856, 528)


(372, 197)
(377, 263)
(308, 267)
(301, 200)


(775, 180)
(843, 176)
(844, 244)
(775, 247)


TEST START
[array([[[401., 548.],
        [334., 551.],
        [331., 483.],
        [397., 481.]]], dtype=float32), array([[[797., 539.],
        [795., 470.],
        [863., 470.],
        [868., 538.]]], dtype=float32), array([[[385., 198.],
        [388., 264.],
        [319., 266.],
        [314., 200.]]], dtype=float32), array([[[790., 184.],
        [860., 182.],
        [860., 251.],
        [791., 253.]]], dtype=float32)]
TEST DONE
4
(401, 548)
(334, 551)
(331, 483)
(397, 481)


(797, 539)
(795, 470)
(863, 470)
(868, 538)


(385, 198)
(388, 264)
(319, 266)
(314, 200)


(790, 184)
(860, 182)
(860, 251)
(791, 253)


TEST START
[array([[[407., 549.],
        [339., 552.],
        [336., 483.],
        [402., 481.]]], dtype=float32), array([[[804., 544.],
        [801., 475.],
        [870., 475.],
        [874., 542.]]], dtype=float32), array([[[394., 199.],
        [396., 265.],
        [328., 267.],
        [322., 201.]]], dtype=float32), array([[[800., 189.],
        [871., 187.],
        [869., 256.],
        [799., 257.]]], dtype=float32)]
TEST DONE
4
(407, 549)
(339, 552)
(336, 483)
(402, 481)


(804, 544)
(801, 475)
(870, 475)
(874, 542)


(394, 199)
(396, 265)
(328, 267)
(322, 201)


(800, 189)
(871, 187)
(869, 256)
(799, 257)


TEST START
[array([[[400., 550.],
        [333., 554.],
        [330., 486.],
        [397., 484.]]], dtype=float32), array([[[800., 546.],
        [797., 477.],
        [866., 477.],
        [871., 544.]]], dtype=float32), array([[[388., 200.],
        [391., 266.],
        [322., 268.],
        [317., 202.]]], dtype=float32), array([[[798., 189.],
        [869., 188.],
        [866., 257.],
        [796., 257.]]], dtype=float32)]
TEST DONE
4
(400, 550)
(333, 554)
(330, 486)
(397, 484)


(800, 546)
(797, 477)
(866, 477)
(871, 544)


(388, 200)
(391, 266)
(322, 268)
(317, 202)


(798, 189)
(869, 188)
(866, 257)
(796, 257)


TEST START
[array([[[398., 551.],
        [330., 554.],
        [328., 486.],
        [394., 484.]]], dtype=float32), array([[[797., 546.],
        [795., 477.],
        [864., 477.],
        [868., 544.]]], dtype=float32), array([[[385., 200.],
        [388., 266.],
        [317., 269.],
        [312., 203.]]], dtype=float32), array([[[794., 189.],
        [865., 187.],
        [863., 256.],
        [792., 258.]]], dtype=float32)]
TEST DONE
4
(398, 551)
(330, 554)
(328, 486)
(394, 484)


(797, 546)
(795, 477)
(864, 477)
(868, 544)


(385, 200)
(388, 266)
(317, 269)
(312, 203)


(794, 189)
(865, 187)
(863, 256)
(792, 258)


TEST START
[array([[[400., 554.],
        [333., 557.],
        [330., 489.],
        [396., 487.]]], dtype=float32), array([[[800., 549.],
        [798., 481.],
        [867., 480.],
        [871., 549.]]], dtype=float32), array([[[386., 202.],
        [390., 268.],
        [321., 271.],
        [314., 204.]]], dtype=float32), array([[[799., 190.],
        [869., 189.],
        [868., 258.],
        [797., 260.]]], dtype=float32)]
TEST DONE
4
(400, 554)
(333, 557)
(330, 489)
(396, 487)


(800, 549)
(798, 481)
(867, 480)
(871, 549)


(386, 202)
(390, 268)
(321, 271)
(314, 204)


(799, 190)
(869, 189)
(868, 258)
(797, 260)


TEST START
[array([[[402., 554.],
        [335., 556.],
        [333., 487.],
        [399., 486.]]], dtype=float32), array([[[803., 549.],
        [802., 481.],
        [871., 480.],
        [876., 549.]]], dtype=float32), array([[[391., 200.],
        [394., 266.],
        [324., 269.],
        [318., 202.]]], dtype=float32), array([[[803., 190.],
        [874., 189.],
        [873., 258.],
        [802., 260.]]], dtype=float32)]
TEST DONE
4
(402, 554)
(335, 556)
(333, 487)
(399, 486)


(803, 549)
(802, 481)
(871, 480)
(876, 549)


(391, 200)
(394, 266)
(324, 269)
(318, 202)


(803, 190)
(874, 189)
(873, 258)
(802, 260)


TEST START
[array([[[398., 553.],
        [330., 555.],
        [328., 487.],
        [394., 486.]]], dtype=float32), array([[[799., 549.],
        [798., 480.],
        [868., 480.],
        [871., 548.]]], dtype=float32), array([[[386., 200.],
        [389., 266.],
        [319., 269.],
        [314., 202.]]], dtype=float32), array([[[798., 189.],
        [870., 188.],
        [867., 258.],
        [797., 260.]]], dtype=float32)]
TEST DONE
4
(398, 553)
(330, 555)
(328, 487)
(394, 486)


(799, 549)
(798, 480)
(868, 480)
(871, 548)


(386, 200)
(389, 266)
(319, 269)
(314, 202)


(798, 189)
(870, 188)
(867, 258)
(797, 260)


TEST START
[array([[[397., 554.],
        [330., 557.],
        [327., 488.],
        [393., 486.]]], dtype=float32), array([[[799., 549.],
        [797., 481.],
        [868., 481.],
        [871., 549.]]], dtype=float32), array([[[385., 200.],
        [387., 267.],
        [317., 269.],
        [311., 202.]]], dtype=float32), array([[[798., 189.],
        [869., 187.],
        [868., 257.],
        [795., 258.]]], dtype=float32)]
TEST DONE
4
(397, 554)
(330, 557)
(327, 488)
(393, 486)


(799, 549)
(797, 481)
(868, 481)
(871, 549)


(385, 200)
(387, 267)
(317, 269)
(311, 202)


(798, 189)
(869, 187)
(868, 257)
(795, 258)


TEST START
[array([[[402., 557.],
        [334., 560.],
        [331., 491.],
        [399., 489.]]], dtype=float32), array([[[805., 555.],
        [804., 486.],
        [874., 486.],
        [877., 555.]]], dtype=float32), array([[[390., 203.],
        [393., 269.],
        [322., 271.],
        [317., 204.]]], dtype=float32), array([[[806., 192.],
        [877., 192.],
        [874., 262.],
        [803., 263.]]], dtype=float32)]
TEST DONE
4
(402, 557)
(334, 560)
(331, 491)
(399, 489)


(805, 555)
(804, 486)
(874, 486)
(877, 555)


(390, 203)
(393, 269)
(322, 271)
(317, 204)


(806, 192)
(877, 192)
(874, 262)
(803, 263)


TEST START
[array([[[402., 557.],
        [334., 559.],
        [332., 491.],
        [399., 489.]]], dtype=float32), array([[[805., 555.],
        [803., 486.],
        [874., 486.],
        [877., 555.]]], dtype=float32), array([[[391., 202.],
        [394., 269.],
        [325., 271.],
        [319., 203.]]], dtype=float32), array([[[806., 194.],
        [878., 193.],
        [876., 263.],
        [804., 264.]]], dtype=float32)]
TEST DONE
4
(402, 557)
(334, 559)
(332, 491)
(399, 489)


(805, 555)
(803, 486)
(874, 486)
(877, 555)


(391, 202)
(394, 269)
(325, 271)
(319, 203)


(806, 194)
(878, 193)
(876, 263)
(804, 264)


TEST START
[array([[[399., 558.],
        [331., 561.],
        [328., 492.],
        [394., 490.]]], dtype=float32), array([[[803., 555.],
        [802., 486.],
        [872., 486.],
        [876., 555.]]], dtype=float32), array([[[388., 204.],
        [389., 270.],
        [319., 271.],
        [314., 204.]]], dtype=float32), array([[[805., 192.],
        [876., 192.],
        [874., 262.],
        [802., 263.]]], dtype=float32)]
TEST DONE
4
(399, 558)
(331, 561)
(328, 492)
(394, 490)


(803, 555)
(802, 486)
(872, 486)
(876, 555)


